[83.47, 88.46, 90.12, 92.04, 91.43, 93.8]
[82.51, 86.19, 89.92, 89.47, 92.39, 92.89]
[83.27, 89.21, 89.21, 90.52, 90.62, 93.3]
[83.62, 89.72, 91.73, 94.25, 96.37, 95.77]
[82.91, 89.06, 90.52, 90.98, 91.68, 91.94]
[83.11, 90.42, 92.19, 92.79, 94.1, 94.86]
[82.86, 86.64, 87.95, 88.0, 88.26, 87.85]
[82.81, 89.62, 90.42, 92.74, 92.74, 94.0]
[82.81, 87.2, 88.71, 89.52, 88.96, 89.92]
[83.22, 87.8, 91.38, 92.24, 93.09, 93.3]
[81.96, 89.47, 90.57, 90.52, 93.25, 93.6]
[81.65, 86.69, 90.07, 90.52, 91.03, 89.92]
[83.67, 87.8, 89.26, 90.07, 90.88, 91.99]
[82.31, 88.41, 88.76, 90.07, 91.13, 93.45]
[84.78, 89.77, 91.78, 92.44, 93.9, 93.95]
[82.76, 86.69, 89.57, 90.73, 92.14, 92.69]

[81.55, 88.16, 88.96, 88.66, 88.76, 87.8]
[81.8, 89.31, 93.95, 96.37, 96.77, 96.62]
[82.86, 89.16, 91.73, 92.69, 92.24, 92.04]
[83.92, 89.47, 91.99, 92.79, 94.56, 94.35]
[82.66, 89.06, 90.73, 92.04, 92.09, 93.15]
[83.01, 87.25, 91.53, 91.99, 92.24, 90.93]
[83.77, 90.07, 89.36, 89.87, 91.63, 93.04]
[83.32, 90.68, 95.06, 93.55, 96.27, 96.67]
[82.16, 88.36, 88.26, 87.9, 88.61, 90.07]
[82.86, 90.27, 94.86, 96.98, 97.18, 97.53]
[82.56, 87.8, 89.52, 90.78, 93.2, 94.1]
[83.57, 93.75, 93.65, 94.2, 94.81, 96.32]
[82.61, 86.79, 88.71, 88.31, 89.87, 90.78]
[81.3, 87.25, 90.83, 90.83, 93.09, 92.89]
[82.76, 89.36, 89.57, 90.37, 91.13, 90.07]
[82.51, 89.97, 91.58, 91.63, 93.25, 94.61]
